-3.273280
-2.432259
1.649183
-0.945685
-5.256915
-12.268294
-7.865617
-9.943785
-4.230210
-6.004057
0.221112
2.067150
-1.143390
-4.078689
-6.127191
-4.535950
3.700366
-7.271141
0.307058
-9.033496
-6.062982
-1.283846
-6.830682
0.696381
-3.366385
2.704064
-8.751303
-4.664461
-12.081704
-1.543433
-4.648839
-8.404244
-9.216520
-6.190433
-6.951785
-5.597932
-5.391136
-3.923412
-15.764554
-8.247701
-6.450868
-1.256026
-3.140377
-6.997504
-3.420066
-5.703238
-3.938540
-4.661031
-4.163128
4.072922
-8.792735
-3.077633
-6.201354
-12.244890
-7.335023
-3.833071
-4.964555
-6.186867
-5.217222
-3.795964
-1.859445
-6.022795
-12.459542
-8.196873
-0.375676
-3.257274
1.059449
-8.647824
-3.161096
-8.481883
-4.785523
-4.138637
-10.174777
-3.863465
-7.371358
-7.203510
-4.407304
-3.582042
-2.754627
-4.324577
-4.561471
-12.186429
-7.061329
-4.311171
-2.798357
-10.050129
-3.044003
-7.192197
-12.662866
-5.874182
-3.708820
-6.794453
-9.395413
-0.597670
-5.187057
-2.542103
-1.651165
-5.052369
-3.021845
-5.951590
-5.523377
-8.103745
-4.225846
-4.032048
-9.619023
-9.929987
-3.128867
-0.188653
-6.184899
-6.063002
1.142673
-3.079431
-2.270482
-9.048494
2.758306
-10.480229
-0.957051
-1.831635
-7.173731
-5.776544
-4.591509
-3.959891
-0.613691
-0.754011
-1.913621
-4.075307
-3.603299
2.588312
-7.506406
-0.570119
-0.301782
-4.188009
-4.495042
0.905232
-5.113107
-9.841886
-1.468389
-4.316893
-3.993695
-7.086379
-9.197435
-8.353260
-0.250340
-5.702617
0.388716
-4.230288
-12.451532
-4.433108
-9.327989
-3.099314
-1.792660
-6.193260
-3.472693
-8.843011
2.665808
-6.797896
0.257535
-3.869014
-4.755361
-5.549323
-1.866004
-3.574228
-5.073046
-1.441333
-2.994382
-6.236008
-6.337589
-14.273973
-5.926210
-3.029882
-11.996448
-4.895093
-9.119777
-1.990356
-4.353395
-8.868819
-9.896760
-9.438132
-8.330943
-10.996596
-12.672396
-2.851426
-7.173783
-5.371439
-8.634255
-14.433448
-6.029228
-1.573049
0.356820
-14.330794
-8.779555
-0.811299
-6.130079
-2.260182
1.765099
-7.543718
-6.237821
-5.735601
-0.913894
-6.178061
-12.134510
-8.475999
-2.763194
-2.732770
-5.946431
-7.441612
-5.397662
-4.772228
-8.987764
-1.605021
-2.403878
-2.826727
-9.283025
-4.353671
-1.448177
-4.420220
-10.916530
-5.810710
-1.535468
-10.481538
-3.664761
-3.524427
-1.491019
-5.820695
0.699283
-3.368002
-2.694952
-1.477665
-7.280139
-7.972716
-6.355252
-4.167932
-6.878954
-0.637827
-6.565251
-1.226838
-2.277874
-6.157399
-9.128684
-11.286320
-8.583050
0.002424
-6.288343
-11.799089
-10.147387
-3.899594
-5.047677
-13.262712
-5.980515
-7.748180
-4.458278
-4.498897
-5.724380
-1.148730
-2.201140
-2.453506
-6.335201
-3.376542
-6.627320
-12.217389
-7.695567
-4.614741
1.036858
-11.244306
-8.162063
-11.173887
-4.903142
-11.131842
-4.608897
-6.703665
-4.980531
-1.657706
-1.703088
-2.806190
-9.425371
-0.563450
-7.027927
-0.022853
-7.225139
-3.374732
-6.178633
-2.172564
-1.769641
-9.769398
-4.783227
-1.729415
-10.862655
-0.781634
-1.766151
-6.831552
-1.972717
-1.496474
-2.013540
-5.952327
-0.438398
-6.038780
-1.696833
-2.918316
-9.765563
-9.077293
