-11.134966
-3.119086
-0.608060
-4.089403
-5.819118
-9.877518
-5.960474
-10.808670
-7.263418
-5.877554
-5.110938
-16.061808
-2.529152
-11.632526
-15.155893
-9.880219
-8.347597
-10.816710
-7.203679
-9.510001
-3.590546
-13.403752
-16.743285
-13.565035
-11.159716
-13.443373
-4.905000
-9.499494
-17.627905
-1.417766
-9.334668
-9.207511
-6.166157
-7.815943
-13.246856
-10.088715
-6.606732
-6.790960
-9.778765
-7.844917
-7.955713
-11.148956
-11.413286
-9.749858
-12.785460
-8.931452
-9.551864
-10.434014
-1.621981
-4.529700
-5.633425
-1.302745
-7.484087
-7.527437
-8.584821
-8.484949
-9.643010
-8.271767
-7.091005
-10.281203
-8.078295
-9.384832
-8.807603
-8.300662
-10.555753
-7.424325
-6.404546
-5.805044
