-1.790398
-1.935683
-2.028164
-2.077669
-1.001973
-1.779908
-0.329530
-1.056209
-0.452015
-1.364137
-0.023213
-2.903106
-1.388469
-0.490914
-1.911639
-1.018226
-0.375733
-1.447744
-0.569788
-1.363003
-1.420258
-1.238018
-2.410613
-0.393613
-4.833475
-1.379371
-1.630950
-0.744337
-2.806402
-0.186672
-0.630685
-2.996416
-1.479906
-2.760489
-3.074094
-1.370751
-1.218458
0.398787
-1.327467
-3.115132
-3.147774
-1.127776
-1.355459
-0.987195
-1.610740
-1.270330
-0.246136
-0.237670
-2.244511
-0.375368
-1.500115
-1.151037
-2.690694
-0.636052
-2.804792
-0.721651
-1.408809
-0.692189
-1.216175
-2.526773
-2.320248
-1.786627
-1.730671
-0.407955
-0.816659
-1.495879
-1.289150
0.061768
-2.980065
-0.067287
-0.805171
-1.263967
-1.791436
-1.303761
-0.014156
-2.002829
0.771360
-0.625463
-1.332411
-4.254602
-3.739015
-2.327570
-2.682631
-3.604923
-1.889600
-1.148210
-1.432629
-0.931926
-1.111510
-2.086639
-3.562702
-1.072267
-1.597184
-1.949858
-0.168232
-1.699984
-1.045855
-2.274722
-2.128049
-0.689723
-2.991384
-0.243501
-2.119975
-1.435590
-1.970189
-1.527198
-2.407241
-0.384282
-0.800433
-0.621906
-2.407415
-0.973309
-2.743607
-0.957959
-0.518043
-1.500040
-0.887505
-0.626106
-4.009926
-2.238394
-1.822053
-0.793059
-2.434133
-1.716855
-1.035762
-0.958115
-2.438633
-1.320275
-1.743877
-0.572615
-2.125108
-1.602996
-0.491250
-3.604681
-0.806335
-2.933116
-1.122622
-1.238751
-0.178441
-0.313149
-3.295982
-1.677810
-1.092890
-1.109289
-3.486262
-0.728439
-3.679123
-1.012817
-0.309322
-1.713238
-1.542909
0.085388
-0.058254
-0.468191
-0.770320
-0.948819
-0.231036
-0.347005
-1.039017
-0.802391
-1.645017
-1.229845
-2.379341
-3.186729
-1.297010
-1.201183
-0.289334
-1.870987
-1.734467
0.127550
-0.743022
-3.528224
-1.449554
-0.952537
-0.356696
-0.710334
-2.542167
-2.851618
-1.070209
-0.735213
-1.874481
-0.571784
-0.593954
-0.294902
-3.225665
0.393938
-1.424829
-0.904421
-0.491085
-0.702267
-0.380944
-1.345806
0.087238
-4.285364
-1.338755
-1.348472
-2.604599
-0.009552
-3.316489
-0.765238
-0.449801
-1.782865
-1.186007
-0.732148
-2.132287
-1.164532
-1.293059
-1.357159
-0.990063
-0.609514
-0.624723
-1.368070
-1.286793
-0.436848
-0.399593
-0.899031
-1.185141
-1.345039
-1.637852
-0.931014
-1.021409
-0.511064
-1.417632
-1.429580
-1.205381
-2.165125
-1.283537
-1.159074
-0.443146
-2.825169
-1.488906
-1.078373
-1.328335
-1.807410
-3.059827
-1.655107
-1.109256
-1.224567
-3.484900
-2.616861
-0.809391
-1.556975
-2.192503
-2.322942
-0.734998
0.065102
-0.267516
-0.794058
-2.364534
-2.655444
-1.541144
-0.713359
-2.451125
-1.936964
-1.891963
-1.528103
-2.500333
-1.915836
0.309506
-2.407226
-3.133652
-1.336328
-0.689330
-2.533857
-1.529143
-3.039752
-1.571203
-2.885355
-3.204767
-0.616570
-0.722866
-1.479314
-0.979059
-0.712420
-0.593333
-2.148174
-2.141603
-1.767427
-0.600762
-0.753508
-1.364352
-1.980453
-4.612100
-2.039153
-1.149109
-0.817499
-1.532230
-1.924118
-2.410880
-1.775251
-0.810774
0.161174
-1.823534
-1.345699
-3.013759
-0.356385
0.074859
-1.344139
-0.416585
-3.522025
-1.307454
-2.407295
-1.847877
-1.596829
-0.658909
-1.293098
-1.189989
-1.186292
-0.406490
-0.728096
-0.417343
-0.676016
0.363752
-2.780396
-2.851811
-1.004423
-0.919464
-4.061332
-1.488992
-0.726809
-4.085222
-2.941910
-1.110257
-2.326945
-2.138100
-2.914657
-0.636959
-0.739249
-2.570928
-0.546435
-1.918031
0.033375
-2.576749
-1.619357
-0.878712
-1.930575
0.193847
-1.166083
-0.613329
-2.138823
-1.309467
-0.568032
-1.050147
-1.684197
-2.544855
-2.224898
-2.173463
-0.781186
-1.999487
-0.924224
-2.022644
-0.681330
-0.248343
-0.719339
-2.061795
-3.314603
-2.940214
-2.378065
-0.112461
-0.549796
-1.482248
0.062551
-2.172552
-2.295989
-0.725670
-0.386529
-0.341685
-1.579836
-0.834299
-0.899228
-2.367360
-2.525185
-3.327503
-1.517538
-0.496372
0.651635
-2.719728
-0.397804
-0.896995
-0.774742
-3.446014
-2.614009
-1.821716
-3.193552
-1.423449
-0.477581
-2.496502
-0.264010
-1.354811
-1.475598
-1.948489
-2.053950
-1.078595
-1.868734
-1.810826
-0.523176
-0.527280
-3.583266
-0.363171
-1.520278
-0.589274
-0.529641
-2.030874
-1.759917
0.308838
-1.542923
-2.696841
-1.576007
-1.284765
-2.183540
-2.734431
-1.140151
-1.353647
-0.912844
-1.668845
-3.156771
-4.305527
-0.723049
-0.200135
-1.604347
-1.189709
-0.925189
-0.595170
-0.345333
-2.468068
-1.158798
-1.290230
-2.341326
-2.366453
-3.078724
-2.500527
-0.833843
-2.470649
-1.599300
-2.366640
-1.240189
-3.436764
-0.971427
-1.771458
-1.140605
-1.599213
-1.306133
-0.755846
-0.342313
-2.384671
-1.389889
-1.616388
-1.069524
-2.541585
-0.305415
-1.184614
-0.962460
-1.660356
-1.765677
-0.822146
-1.436677
-1.621651
-0.601381
-0.563444
-2.899561
-0.600843
-0.882214
-1.489915
-0.842045
-1.457656
-0.168142
-0.770803
-2.710669
-0.610797
-0.483359
-1.035138
-1.368242
1.047512
-0.798733
-2.824630
-0.628170
-2.121260
-0.760615
-2.630642
-3.475841
-0.089561
-1.104041
-0.533696
-0.691402
-2.193225
-1.435940
-2.137542
-1.669864
-0.825229
-3.174101
0.652198
-3.287713
-0.424048
-0.702999
-3.338211
-1.906027
-1.871293
-0.780989
-0.226676
-1.490762
-0.956519
-3.261151
-0.823531
-0.972915
-0.327407
-1.145834
-0.862064
-1.200065
-1.886224
-1.252589
-2.922416
-2.889306
-1.520987
0.142302
-1.500655
0.073143
0.019853
-1.298299
0.116370
-0.569994
-0.483747
-1.952939
-1.093422
-0.895358
-1.121755
-1.631894
-3.331211
-0.368710
-1.801869
-2.377324
-0.590977
-0.907522
-0.956543
-1.324374
-0.320414
-1.820953
-0.189297
-0.679606
-2.771496
-1.323209
-1.129858
0.370744
-2.791315
-1.492281
-0.693776
-4.302941
-2.118919
-3.901737
-3.481960
-0.041616
0.205438
-0.829872
-0.591847
-0.851374
-1.747015
-0.407904
0.047158
-2.886006
-2.226070
-3.161360
-0.592537
-0.310495
-0.119752
-1.114807
-0.421190
0.216868
0.121335
-1.537244
-2.038761
-1.077176
-0.871720
-0.820834
-2.621647
0.164875
-0.906478
-2.599879
-2.348129
-1.966804
-5.159147
-1.287633
-0.509096
-1.693351
-1.837897
0.051665
-2.579647
-1.952589
-0.158874
-0.898684
-0.255831
-1.016274
-1.258871
-1.633607
-2.984939
-0.509413
-0.730983
-0.968043
-3.776281
-2.018080
-1.980034
-0.708420
-2.479173
-0.974268
-0.151111
-0.800702
-1.575361
-2.672107
-0.849829
-2.044426
-0.895106
-0.381136
-1.938885
-1.091717
-0.885943
-4.194191
-2.474584
-0.735624
-0.060950
-0.677335
-0.474438
0.817001
-0.434098
-1.931138
-1.774779
-0.229321
-1.485374
-1.546526
-2.667192
-1.986401
-2.498242
-1.293508
-1.598274
-0.729096
-1.283739
-2.592204
-0.517404
-0.436159
-1.226502
-0.765926
-2.230850
-0.364743
-1.913480
-1.800853
-0.748487
-2.436974
-0.923437
-2.280115
-0.363059
-1.278584
-1.247663
-2.268475
-0.352478
-1.143722
-1.327454
-2.207856
-0.239283
-1.102203
0.064511
-1.120139
-3.041800
-0.521836
-0.328052
-1.415586
-1.853259
-2.082431
-1.487669
-1.568442
-1.238966
-2.484043
-2.476494
-1.740335
-0.868584
-1.474706
0.044962
-1.610051
-0.998493
-1.007360
-0.517772
0.818465
-1.433236
-1.408751
-0.843453
-1.091344
-0.885283
-0.994151
-0.702658
-0.812567
-0.258084
-1.266926
-1.562167
-2.077937
-0.397599
-3.542643
-2.362429
0.490137
-0.595187
-0.314810
-0.197464
0.204921
-1.513899
-1.259663
-0.584686
-1.441729
-1.779570
-0.841310
-1.614270
-0.657754
-1.187891
-0.313633
-2.442055
-1.073264
-1.893004
-0.960246
-1.941019
-0.671070
-3.206793
-0.931801
-0.760878
-1.329122
-2.936584
-3.315613
-0.897547
-0.379971
-0.650768
-2.166219
-1.689414
-1.537070
-1.071587
-0.441457
-1.245135
-0.517444
-1.538720
-0.956046
-1.651620
-2.205624
-0.707435
-1.409110
-1.196680
-1.883505
-2.522329
-1.457311
-2.969803
-0.170050
-0.991698
-2.026230
-0.542542
-2.788969
-0.300627
-0.185670
-1.936619
-0.750497
-0.486017
-1.835083
-1.686331
-0.833149
-0.265147
-1.577751
-1.329272
-1.230202
-1.609856
-2.328088
-0.002780
-0.816417
-0.287403
-1.230742
-3.744988
-0.747081
-1.216650
-0.317335
-2.739586
-2.115193
-1.257585
-1.735561
-2.568052
-3.874769
-1.171354
-1.437027
-1.602666
-1.966783
-0.338714
-0.817106
-1.371050
-2.496137
-4.335134
-1.516715
-1.626219
-0.791080
-1.915796
-1.772730
-2.880407
-0.406237
-1.325747
-2.394803
-2.988613
-0.912150
0.221580
-0.045501
-0.686941
-2.702954
-2.538322
-0.675307
-1.930008
-2.329145
-0.875220
-0.813510
-0.785191
-1.326222
0.013378
-1.841133
-1.264526
-0.462034
-2.117666
-1.461607
-1.675966
-0.411783
-0.670720
-2.388424
-2.517298
-1.088651
-0.261310
-1.440983
-1.413141
-0.888848
-0.170854
-0.037109
-0.255095
-2.546517
-0.430778
-3.358343
-0.885866
-1.612371
-0.649590
-1.553815
-0.916283
-5.546146
-0.760204
-0.852802
-1.388375
-0.683823
-3.366372
0.078183
-0.888102
-1.573684
-1.578435
0.100030
-1.374313
-4.173677
-4.060186
-1.051603
-1.728008
0.134329
-0.632775
-0.998029
-0.582446
-1.611729
-0.562934
-1.886191
-0.207250
-0.513819
-2.127191
-1.123018
-2.156253
-1.815296
-1.288693
-2.153266
-1.580501
-1.876807
-0.110505
-1.101945
-1.546335
0.187308
-1.587187
0.211741
0.056573
-1.081981
-2.889437
-1.867090
-2.173282
-0.704332
-1.444063
-1.694037
-2.212283
0.381173
-1.209642
-1.392116
-0.737187
-3.191536
-0.982393
-1.442643
-1.054788
-0.885550
-0.798707
-2.611096
-0.947968
-1.531889
-0.346820
-0.458416
-0.803793
-1.703633
-0.197101
-0.419377
-3.359293
-0.540453
-0.369546
-0.650944
-2.024957
-1.148859
-1.535065
-2.057383
-0.400296
-1.134955
-0.613302
-0.788447
-1.181214
-0.535599
-2.921682
-0.759811
-0.458137
-0.271357
-1.841399
-0.896329
-0.734476
-0.882547
-1.494751
-2.187118
-2.155023
-1.462922
-2.927299
-0.536756
-1.295301
-1.778312
-1.406206
-1.219090
-1.083661
-0.134580
0.594617
-0.828549
-1.048951
-1.227107
-2.019959
-1.538024
-1.065904
-1.229977
-1.131376
-0.898084
-0.738247
-1.119653
-0.341968
-2.586956
-1.306605
0.312025
-2.106536
-1.760270
-0.927270
-0.519824
-1.347616
-1.016954
-0.847523
-0.742691
-1.067864
-1.154868
-1.227991
-0.509873
-0.751224
-1.882818
-0.451078
-2.362178
-0.443828
0.287125
-2.194273
-0.308175
-0.942730
-1.050935
-1.113108
-1.299347
-1.691177
-1.974317
-0.346425
-1.773583
0.199655
-0.404462
-2.093147
-1.094041
-1.354091
-0.137707
-1.125133
-0.113912
-2.296546
-1.043916
-0.477004
-1.823694
-1.345029
-1.418628
-0.590174
-0.512516
-0.133934
-0.144862
-1.283001
-0.749617
-0.482697
-0.339155
-1.380592
-1.506553
-1.043707
-1.238846
-2.349641
-0.037463
-3.004416
-2.698507
-0.234713
-0.292982
-0.943949
-1.246362
-2.330245
-0.643903
0.107625
-1.733581
-0.102840
-1.882229
-1.056173
-1.664401
-0.638709
-0.541465
-1.228771
-1.309078
-1.014185
-3.639980
-3.867384
-1.359234
-0.825983
0.170637
-0.564850
-0.832806
-2.035962
-4.036199
-0.521819
-1.482259
-1.489453
-0.534202
-0.745100
-3.861326
-1.336353
-0.540427
-1.655488
-1.066497
-3.998714
-0.563975
-3.440436
-1.867094
-1.641154
-0.896364
-1.238208
-1.225265
0.002443
-0.048969
-1.424818
0.159446
-0.853820
-0.470338
-2.492364
-1.040649
-2.179565
-3.249035
-3.309559
-0.599022
-1.488375
-1.192827
-1.046506
-1.329214
-1.657544
-0.818794
-1.780694
-1.339317
-0.103178
-0.307067
-1.349985
0.258873
0.392226
-1.298642
-2.449359
-2.071082
-0.858282
-0.347268
-2.558661
-1.888771
-1.291374
-3.406320
-0.833872
-0.716766
-2.195202
-0.284071
-1.818169
-0.609847
-0.387427
-1.385314
-1.520301
-0.390546
-3.741718
-1.876945
-0.532038
0.195450
-1.889554
-0.673224
0.091877
-2.979982
-2.313056
-0.881737
-2.035303
-1.567911
-2.059277
-2.792813
-0.543462
-0.301830
-1.402958
-1.038640
-0.870277
-0.232974
-1.244821
-0.592252
-2.310136
-1.474779
-3.053314
-1.158060
-1.669787
-1.065686
-3.662458
-2.390248
-0.464170
-0.429516
-1.497796
-0.445310
-1.639970
-1.286908
-0.060024
-1.248777
-2.944661
0.857981
-0.895972
-1.102424
-1.023757
-0.695826
-1.736755
-1.331446
-2.775328
-2.541131
0.302957
-1.424688
-1.630631
-1.704660
-2.277343
-1.987391
-1.123931
-2.022327
-0.792272
-3.493395
-0.610182
-1.734507
-1.602153
-1.227585
-1.574390
-1.302094
-1.815479
0.314923
-0.967789
-3.547662
-0.438948
-1.786365
-0.434409
-1.068729
0.065839
-1.506873
-1.832973
-1.520930
-3.440847
-0.364396
-1.145698
-0.958713
0.401394
0.196199
-1.200206
-0.417958
-1.621812
-2.805584
-0.654643
-1.619516
-5.637110
-3.436084
-1.622408
-0.477569
-1.802884
-3.499602
-0.396742
-3.487445
-3.261050
-0.487706
-0.358254
-0.230339
-0.799022
-1.025465
-2.433826
-0.714265
