-0.615427
-0.690119
-1.599429
-0.331790
-1.369934
-1.632543
-0.633640
-0.716254
-0.671559
-1.169463
-1.549394
-1.176195
-1.271754
-0.992178
-2.675064
-1.691314
-1.254377
-1.344923
-1.250023
-1.106921
-0.698320
-1.302744
-1.782859
-1.640686
-1.087857
-0.918092
-0.706735
-1.683869
-1.489689
-0.649169
-1.549721
-0.005529
-1.831057
-2.497271
-2.003862
-1.435664
-2.824113
-1.045070
-1.333350
-1.025918
-1.710309
-2.035711
-0.414820
-1.472817
-1.139764
-0.912679
-0.422158
-1.772310
-0.801400
-1.310653
-0.084868
-0.848805
-1.285714
-1.084983
-1.179206
-1.149860
-1.514835
-1.259175
-1.346144
-0.671262
-1.224874
-1.934606
-0.978527
-1.944462
-1.360488
-1.014821
-1.073254
-1.902882
-1.067074
-0.301574
-1.253677
-2.504937
-1.243598
-1.751493
-2.788149
-2.233235
-0.985521
-0.646626
-1.394896
-2.122947
-1.188405
-0.618470
-2.600458
-1.624247
-1.912599
-1.104463
-1.475736
-1.435552
-1.851480
-2.648392
-1.321987
-0.968144
-1.440413
-1.869233
-2.279380
-1.400776
-2.438603
-0.982383
-2.152344
-1.500097
-1.666233
