-0.041088
-0.200485
-0.318583
-0.357358
-0.349680
-0.247179
-0.524190
-0.702703
-0.176492
0.395101
-0.811403
-0.544257
-0.053913
-0.587987
-0.329028
0.075186
-0.464902
-0.279150
-0.163383
-0.029280
-0.018909
0.042003
0.005202
-0.164588
0.120032
-0.002896
0.122611
-0.401767
-0.005823
-0.294025
-0.073625
-0.079795
0.199150
-0.000637
-0.004090
0.363889
0.006765
0.173719
0.028663
-0.470206
-0.250717
-0.425432
0.196239
0.108512
-0.117547
-0.464838
0.082767
-0.438528
0.216268
-0.491808
-0.308852
-0.179737
-0.774589
0.219381
0.350612
-0.176557
0.041556
-0.494405
0.027937
-0.424147
0.168623
-0.291039
-0.241356
-0.196410
-0.395726
-0.040260
0.253594
-0.438801
-0.440433
-0.304432
0.051114
-0.429787
-0.684672
0.178232
-0.003990
-0.515749
0.037261
-0.389146
-0.405255
-0.182158
-0.168780
-0.169322
0.316280
0.039652
0.023653
-0.530556
-0.333828
-0.389230
-0.145312
-0.447900
0.440889
-0.296733
-0.470945
-0.456303
0.253020
0.047073
-0.140817
-0.578186
-0.407361
-0.268912
-0.317522
-0.353825
0.321406
0.258704
-0.588712
0.272328
0.066781
0.223432
-0.574803
0.296117
-0.058667
0.066437
0.274501
0.087599
-0.741379
-0.265226
-0.905517
-0.144955
-0.043864
-0.106161
0.063778
-0.114731
0.141055
-0.546214
-0.319959
-0.360659
-0.067580
0.098740
0.007325
0.259937
-0.170806
-0.502075
0.155621
-0.929121
-0.572929
-0.644823
-0.302171
-0.022544
-0.301973
-0.417759
0.105798
-0.074244
-0.332423
-0.438183
-0.241375
0.097699
0.012127
0.324770
-0.752675
-0.455785
0.630197
-0.428519
-0.237516
-0.162861
0.278662
-0.752837
-0.488981
-0.195751
0.306908
0.451732
0.566477
-0.668720
-0.283338
-0.425544
0.184010
0.213671
-0.198646
-0.587654
0.146419
0.027952
0.078448
-0.237846
0.160730
-0.589207
-0.252902
-0.201672
0.172251
-0.477115
0.420105
0.345993
-0.078865
-0.467362
-0.502583
-0.099410
0.062720
-0.254495
-0.530354
-0.012494
-0.133504
-0.377084
-0.277386
0.166572
-0.356003
-0.529244
-0.337150
0.023190
-0.655541
0.129039
-0.049414
-0.590730
-0.011776
-0.470788
-0.244947
-0.106228
