0.338279
-0.115017
0.155845
-0.558804
-0.215175

0.219720
0.168547
-0.206191
-0.378363
0.482141

-0.138725
-0.161336
-0.306603
0.451379
-0.143562

0.055889
-0.147280
0.150536
-0.360958
-0.324875

-0.549706
-0.056794
0.561946
-0.058774
0.307900

0.250344
-0.192735
0.267443
0.520082
-0.583860

0.143605
0.446957
-0.355137
-0.193779
-0.482259

0.313894
0.014470
-0.471477
-0.751221
0.560096

-0.116441
-0.161338
-0.338007
0.148615
0.255520

-0.137070
-0.653653
-0.273482
-0.294557
0.349474

0.324832
0.277967
-0.275639
0.222477
-0.321462

-0.384036
0.017919
-0.264946
-0.131929
-0.264113

-0.681658
-0.292198
0.056966
-0.145181
0.136884

-0.334166
0.095728
-0.429726
0.417264
0.526598

-0.022653
0.318127
-0.197721
-0.416633
0.201112

-0.093313
0.579670
-0.593902
0.028367
-0.074061

0.179068
0.443376
-0.692288
-0.526315
-0.165991

-0.350255
0.493443
-0.603339
-0.901036
0.566231

0.385499
0.801019
-0.322471
-0.161968
-0.129625

0.057156
0.465270
0.302951
-0.293924
0.377375

0.103437
0.708751
-0.001826
0.330447
-1.082824

-0.133358
0.116834
0.093409
0.186489
-0.035644

0.031442
-0.545959
-0.523758
0.292397
-0.464415

-0.228855
0.150245
-0.611891
0.334550
-0.063745

0.341017
0.137064
0.278211
-0.589169
0.734114

-0.391253
0.034889
0.937191
-1.153381
0.118839

0.537824
-0.241368
-0.486322
-0.011561
-0.330383

0.115326
-0.638682
0.690227
-0.159566
-0.132138

-0.328051
-0.782382
0.596606
1.022895
-0.533178

0.000472
0.267218
-0.562153
-0.819400
-0.102452

0.330866
0.120512
0.462734
-0.127079
0.117290

-0.252573
-0.067216
0.014737
0.144818
-0.561917

-0.142295
0.105956
-0.853140
0.234494
0.424363

-0.639267
0.626511
-0.039193
0.576082
0.122836

-0.406982
0.456628
0.082473
-0.286599
-0.427854

0.270807
-0.037816
0.373817
-0.286157
-0.526783

-0.514214
0.810724
0.240682
0.644692
-0.534755

0.394306
-0.576305
-0.157857
-0.399639
0.477769

-0.001129
-0.554680
-0.237569
0.361058
-0.295630

0.047922
0.346766
0.379268
-0.032707
0.158547

-0.572559
-0.150897
-0.421351
0.629867
0.457160

0.322401
0.342169
-0.370776
-0.840374
-0.249486

0.540340
-0.230800
-0.490323
-0.249275
-0.414351

0.199782
0.858528
-0.456113
0.069016
-0.646863

-0.162173
0.107577
0.361118
-0.009522
-0.212790

-0.718728
0.230455
-0.509202
-0.940834
0.255330

-0.563668
-0.221800
0.524860
0.438124
0.005930

0.272864
-0.252542
0.496190
-0.380707
0.588974

0.327476
-0.128093
0.731448
0.184297
-0.395136

-0.071556
-0.170589
0.474947
0.382898
0.320295

0.232427
-0.093025
0.152014
0.374232
-0.228066

-0.177914
0.391032
0.389877
0.233619
-0.651657

0.376728
0.069574
-0.336179
0.001218
-0.721437

-0.407486
-0.261069
-0.327265
0.140895
-0.392231

0.179199
0.300743
0.718038
0.270404
-0.831658

-0.102167
0.494677
0.352778
-0.409007
-0.069179

0.123600
-0.171301
0.141733
0.049370
-0.171715

-0.363352
-0.627205
0.131925
0.505042
-0.330885

-0.321865
0.368359
0.289669
0.089627
0.133869

-0.098960
-0.312264
0.154303
-0.005126
-0.378160

-0.107947
-1.042241
-0.311559
0.876642
1.078820

0.200651
0.238216
0.383336
-0.184355
-0.366326

-0.144032
-0.601432
0.128243
-0.233291
0.366358

0.336009
-0.024161
0.046572
-0.972206
0.896082

0.284571
-0.695191
-0.236175
-0.420123
-0.372640

-0.049092
-0.574199
-0.750613
-0.360195
0.466425

-0.152194
0.206987
0.493032
-0.179566
0.502627

0.048097
0.335452
-0.332545
-0.087148
0.227118

0.203285
0.278143
0.315886
-0.079039
0.245148

-0.522106
0.479492
0.477469
-0.606459
0.123512

-0.159421
0.731127
0.169417
-0.873287
0.202578

-0.268248
-0.575156
-0.253885
-0.530019
0.105554

0.138688
0.770186
-0.375219
-0.085655
-0.868288

-0.049957
-0.026429
-0.238093
0.388889
0.118608

0.050114
-0.577305
-0.205546
-0.608257
-0.260114

0.403486
0.027091
-0.190263
-0.018590
0.412036

0.023361
-0.266702
-0.457125
0.025482
-0.191876

0.325118
0.323434
0.511568
-1.076758
0.192124

0.433734
-0.177040
-0.464505
-0.296037
-0.349675

0.376980
-0.055438
-0.174983
-0.353415
0.127072

-0.392070
-0.195319
-0.402851
-0.677946
0.590930

-0.182560
-0.213836
0.146085
-0.478155
0.183117

-0.141480
-0.517385
0.122119
0.437010
-0.267702

0.341057
-0.003463
-0.018193
0.352549
-0.673068

-0.302079
0.111464
-0.278422
-0.743625
-0.136045

-0.251795
-0.182774
-0.289044
0.758124
-0.687659

0.062384
-0.068187
-0.563949
0.069094
0.444455

0.059149
0.384881
-0.440581
0.057752
0.019934

0.488856
0.385013
0.362826
-0.085048
-0.698269

0.321528
0.044493
0.004939
-0.364411
0.255982

0.199461
-0.686272
0.207092
0.060829
0.110265

-0.108782
0.086465
0.063614
-0.031877
0.143586

-0.042597
0.526130
0.031120
0.050664
-0.824825

-0.151139
0.193186
0.226328
-0.695409
-0.125897

0.169694
0.554036
-0.163387
0.345052
-0.090283

0.312920
-0.775776
0.403629
-0.971415
0.607885

0.180079
-0.217132
0.172826
-0.463379
-0.943162

-0.118264
0.327677
0.007066
-0.556551
0.104621

0.627582
0.388215
-0.000397
0.079770
0.449006

0.478809
0.274327
-0.309028
-0.440246
-0.828766

-0.144381
-0.065556
0.051564
-0.952946
0.443900

0.344541
-0.266630
0.015050
0.383950
0.060962

0.132898
0.149412
-0.082991
0.190430
0.317893

-0.389678
0.388640
-0.312988
-0.333222
0.505462

-0.219741
-0.082625
0.436373
0.716382
-0.319211

0.212848
-0.330028
-0.377719
0.686013
0.386182

0.492836
0.007441
0.380952
-0.679352
0.145305

-0.125834
0.277593
0.047508
-0.434305
-0.585300

-0.162320
-0.210722
0.425438
-0.554218
0.534929

-0.463986
-0.382166
0.178840
0.801846
-0.544124

-0.617044
0.101643
-0.259158
0.175941
-0.195602

0.215932
-0.101725
0.040053
0.490328
-0.601442

-0.344996
-0.112357
0.905295
-0.850550
0.157743

0.006254
-0.183690
-0.211679
0.861066
-0.346946

0.045620
-0.536215
-0.265692
-0.299994
0.255702

-0.384581
0.349952
0.113635
0.163287
-0.017137

0.387626
-0.354751
0.092912
0.775051
-0.627303

0.399039
-0.372555
0.033787
0.166184
-0.825651

0.321530
-0.157787
0.390685
-0.446930
0.320597

0.438797
0.048352
-0.248910
0.230778
-0.318388

-0.257808
0.199475
-0.064011
-0.135772
0.487809

0.431578
-0.035801
0.321556
0.241130
-0.504623

-0.127275
-0.293392
0.356708
-0.722003
0.888214

0.158894
0.083129
-0.407020
0.871279
-0.765084

-0.573202
0.093800
-0.234938
-0.117722
0.025121

0.400047
-0.345646
0.264442
-0.662739
-0.235310

-0.327545
0.646641
-0.505473
-0.546304
-0.075299

-0.578703
0.828424
-0.502099
-0.832027
-0.100493

-0.404221
-0.150492
0.267966
-0.778664
0.475432

-0.114251
-0.003125
-0.470156
-0.616259
-0.202273

0.153912
0.263782
-0.127093
-0.018449
0.484060

-0.218411
-0.286866
-0.496667
-0.481229
0.553921

0.324011
0.814240
0.247908
-0.415326
-0.627780

-0.343666
-0.029926
0.036093
0.245862
0.257531

-0.525690
0.633792
0.086296
-0.530852
-0.207172

0.239047
0.192789
-0.228605
-0.578704
0.090282

-0.163302
-0.381062
0.234449
0.562407
-0.646356

-0.178638
-0.134685
-0.283211
-0.744772
0.454635

-0.262760
0.109167
-0.507768
-0.352481
0.531373

0.175312
-0.158283
-0.589038
0.427498
-0.986939

-0.313170
0.215078
0.629925
0.378265
-0.842985

-0.530052
-0.562506
-0.320609
-0.613697
0.634552

-0.322330
0.027467
0.633392
0.350563
-0.344659

0.418559
-0.165372
-0.450980
0.332645
0.181924

-0.285473
0.683283
-0.533416
0.343665
-0.562357

0.138576
0.030157
0.227986
0.648693
0.511341

-0.016973
0.116550
-0.200012
-0.060055
-0.291022

0.149946
-0.021904
0.406961
-0.280819
0.061249

-0.158161
-0.242368
-0.100825
-0.066625
0.434870

0.030799
-0.267124
-0.466391
0.026880
0.198341

-0.159073
-0.457511
0.368627
-0.310564
-0.500935

0.300409
0.614254
0.350859
-0.731398
0.046340

0.081589
-0.806151
-0.236591
0.460774
-0.389112

-0.236237
-0.547353
0.554961
-0.598724
0.676708

-0.236322
-0.010849
0.668280
-0.398180
0.335060

-0.396827
-0.314465
0.080842
0.055292
-0.379425

-0.136905
0.077514
-0.658724
0.311713
-0.229929

0.185578
0.151581
0.440245
-0.532157
-0.273623

0.048268
0.665329
0.270656
-0.194637
0.321694

-0.605837
0.062616
0.409237
0.267960
-0.018548

-0.052868
0.001117
-0.419907
-0.141326
0.092344

0.040783
0.409382
0.688833
0.023136
0.165682

-0.441637
-0.342312
-0.257898
0.004600
0.580280

-0.353278
0.215119
0.435499
0.234882
-0.538836

0.111949
0.819390
-0.806137
0.206120
-0.442325

0.092411
0.220447
-0.413305
-0.278868
-0.016158

-0.535435
-0.045696
0.523180
-0.238767
0.599753

-0.288049
-0.018435
0.040252
0.445372
-0.252133

0.370963
-0.321344
0.002004
0.502798
-0.673443

-0.095826
0.572273
0.023235
-0.082940
-0.161839

0.358822
-0.079033
0.265153
0.099243
-0.087345

-0.302425
0.022561
0.270529
0.295804
-0.261467

-0.462065
0.138446
-0.547484
-0.565163
0.728969

-0.021129
-0.596237
-0.387376
-0.288125
-0.180721

0.292345
-0.353204
-0.011129
-0.475053
0.156738

-0.407216
-0.350390
0.170132
0.078674
-0.344283

-0.042637
-0.094314
-0.337320
0.900742
-0.075748

-0.029029
-0.343122
-0.321770
0.771387
0.015110

-0.124432
-0.187781
-0.270108
-0.402795
-0.263241

-0.571794
-0.063889
-0.179964
-0.030752
-0.111815

-0.053558
0.372262
-0.231030
0.527292
-0.732181

-0.406891
0.194675
0.247180
-0.612963
-0.334376

0.129890
0.062747
-0.565673
-0.391736
0.184674

0.356840
-0.220660
0.224229
0.076873
-0.329123

0.042335
-0.302705
-0.358886
0.497077
-0.161491

-0.149786
-0.186284
-0.263308
0.203147
-0.480590

-0.195748
-0.195623
-0.033968
-0.263493
-0.553221

-0.513010
-0.367534
0.699938
-0.716452
-0.101714

0.054880
-0.472908
-0.271108
0.781285
-0.309008

0.400733
-0.490736
-0.875102
-0.383386
0.695476

-0.005140
-0.107091
-0.491059
-0.500233
0.777838

-0.176670
-0.211115
-0.053566
0.273241
-0.152342

-0.483097
0.228750
0.734830
0.253901
-0.059072

0.193271
-0.092490
-0.187658
-0.553805
0.912146

0.186745
0.746283
-0.210940
-0.602958
0.186877

-0.215442
0.063441
-0.062812
-0.195660
0.653333

-0.468794
-0.078945
-0.539465
0.023901
0.538488

0.388991
-0.284698
0.259248
0.577665
-0.219256

0.044178
0.551215
-0.989784
-0.172303
0.228461

-0.013298
0.117736
-0.562502
-0.310176
0.280042

0.443638
0.082899
-0.064273
-0.904919
0.572881

-0.464884
0.186202
-0.535567
-0.739738
0.619459

-0.408665
0.174379
0.343550
0.210603
-0.621436

0.079254
0.414011
-0.051337
0.344768
-0.595970

-0.380080
-0.537002
0.194140
-0.121806
0.369241

-0.161916
0.411978
-0.578623
-0.400888
0.177386

0.094329
-0.347839
0.449060
-0.296517
0.060576

0.245899
0.486182
-0.719527
0.377985
0.020686

0.086981
-0.178538
0.673854
0.189755
-0.694225

-0.668452
-0.103813
-0.590019
0.340947
-0.179079

-0.292910
0.602114
0.281127
-0.461026
-0.475248

-0.535584
0.797243
0.194322
0.270232
0.150581

-0.205716
-0.227088
0.042036
0.804624
-0.514719

-0.396698
-0.673587
0.474647
0.089280
0.684663

-0.272702
-0.266249
-0.621915
-0.314193
-0.472891

0.228109
-0.044371
-0.456232
-0.697028
0.695015

-0.052845
-0.047959
0.095720
0.303637
0.258741

0.260470
-0.464078
0.236817
-0.150472
0.087241

0.128499
-0.051001
0.011277
-0.613990
0.529179

-0.333663
0.396399
0.270422
-0.258149
0.561107

0.135850
-0.274654
-0.369024
0.177589
-0.513660

-0.413452
-0.291346
-0.086097
0.056899
0.457738

-0.620419
0.509031
-0.195701
0.711571
-0.200795

0.629791
-0.256972
-0.165211
-0.304269
0.376802

-0.215277
-0.429499
-0.433789
0.084869
0.203017

-0.254354
0.468847
-0.162767
-0.256916
0.413837

0.218817
-0.225074
-0.075375
-0.643988
0.511823

-0.483038
1.012639
-0.564776
0.113426
-0.560292

0.360426
-0.515561
-0.111149
-0.313431
0.207932

-0.334078
0.354034
0.405921
0.067282
-0.751596

0.085825
-0.018869
0.489309
-0.543988
0.065539

-0.226527
0.024622
-0.128802
0.563849
-0.679838

0.047147
-0.709473
-0.280933
0.000269
0.908606

-0.264716
0.067302
0.120417
0.380231
0.165481

0.182720
-0.726102
-0.114748
0.248026
0.311538

0.266377
-0.545408
-0.043581
0.484485
-0.209377

0.341665
-0.032137
-0.181377
0.115302
-0.320840

-0.558997
0.450912
-0.188561
0.453248
-0.241122

-0.414020
0.326667
-0.501355
-0.586101
0.689586

0.098409
-0.673747
-0.578450
0.447901
0.320209

0.311711
0.322068
-0.024896
0.371961
0.413385

0.136727
-0.043621
0.080514
0.423328
-0.093908

0.418320
-0.421426
-0.304092
0.331669
0.666233

-0.439116
0.121515
-0.619961
-0.550341
0.879723

0.384013
0.312088
-0.077393
-0.403035
0.274297

-0.362136
-0.681035
-0.146300
-0.535226
-0.163239

-0.102862
-0.010091
-0.875572
0.691774
0.186296

0.396715
0.480805
0.067224
-0.159982
0.633334

0.215396
0.275100
0.448598
-0.276785
0.287976

0.322930
-0.022065
-0.541123
0.430526
-0.235070

-0.040132
0.109676
0.575465
-0.329064
-0.420491

0.460567
0.144986
0.228234
-0.251073
-0.167179

-0.085711
-0.608389
-0.065221
0.606713
-0.416194

0.515877
0.017112
-0.250400
0.159963
0.581994

-0.237415
-0.071144
-0.236212
0.479338
0.031587

-0.411843
0.186046
-0.155028
-0.597886
0.516224

-0.500240
-0.458989
-0.464855
0.567409
-0.341748

-0.103590
0.372602
-0.529163
0.515808
-0.035806

-0.396786
0.593965
0.484713
-0.990200
0.363116

0.015628
-0.406828
0.280043
-0.457544
-0.429642

-0.319319
-0.092604
0.359905
0.608520
-0.202683

0.344561
0.650232
0.229202
0.123491
0.554154

-0.402664
0.097301
-0.102440
0.139520
0.274987

-0.065104
0.405277
0.556959
0.477169
0.152109

-0.360151
-0.731530
0.234500
0.802768
-0.358079

-0.260744
0.662106
0.199935
-0.076714
-0.208447

0.567457
-0.400583
-0.087633
-0.067152
-0.066679

-0.496917
-0.285802
0.325564
0.428076
0.284979

0.620766
-0.301191
0.395521
-0.093171
-0.360332

0.320714
-0.367586
0.683310
0.108960
-0.251001

0.304422
-0.223196
-0.368430
-0.225191
0.252264

-0.312434
-0.314187
0.188443
-0.786669
0.129915

0.301986
-0.010852
-0.294604
0.051600
0.540937

-0.410498
0.355308
-0.087776
0.287581
0.471912

-0.486609
0.045521
0.245390
-0.616066
0.418471

-0.311064
-0.186053
0.295589
-0.561526
0.037562

-0.376593
0.817673
0.758636
-0.868608
-0.293458

-0.338997
0.131332
-0.444773
-0.028017
-0.109012

0.288576
-0.154589
0.373278
-0.384560
-0.392588

-0.439491
0.117927
-0.082512
-0.127045
-0.258981

-0.358396
-0.584225
-0.345586
0.609663
0.030476

0.237015
-0.494843
-0.305591
-0.441346
0.092138

-0.010575
-0.483516
0.478506
0.496718
0.077212

-0.556711
-0.181623
0.491719
0.152751
-0.675015

0.602410
-1.075187
-0.607718
-0.385047
0.094512

0.023049
0.604310
0.185278
-0.375515
-0.921308

0.511220
-0.050002
0.203042
0.112349
-0.225139

-0.104333
-0.298961
-0.373480
-0.132997
0.615583

-0.086985
0.420468
-0.167669
0.660585
-0.769199

0.015121
0.555091
0.075507
-0.713344
-0.465909

0.442950
-0.663810
0.215657
-0.708592
-0.306091

-0.089687
-0.739144
0.377675
-0.076493
0.185772

0.048288
-0.025539
0.273281
-0.412124
0.253856

-0.519395
-0.690035
0.054946
0.370972
-0.503584

-0.098129
-0.039367
0.071616
-0.424829
-0.594741

0.223182
0.040092
-0.115714
0.432999
0.274982

-0.228066
0.001833
-0.526574
0.167796
0.515538

0.312812
0.488464
-0.544945
-0.833242
0.498557

-0.158740
0.335162
-0.524716
0.024409
-0.010666

0.018022
-0.352423
-0.438076
0.458267
-0.292144

0.411786
0.121844
-0.156778
-0.020319
0.444921

-0.033358
-0.440367
0.257522
-0.000738
0.211439

-0.646001
-0.281690
-0.141097
-0.529351
-0.144786

0.339444
-0.237330
0.175851
-0.565039
-0.477942

-0.348585
0.115045
0.154062
-0.319506
-0.276177

-0.178220
-0.044471
-0.508379
-0.395486
-0.076566

0.027002
-0.678231
-0.401946
0.718102
0.048429

0.208659
0.491964
-0.094875
0.594586
-0.160205

-0.320242
0.796841
0.250970
-0.102213
-0.140826

-0.480942
-0.423880
0.211125
0.078073
0.566394

-0.211185
0.515951
-0.565422
0.451588
-0.256224

0.475536
-0.115422
-0.304653
-0.112181
0.384401

-0.423753
0.609604
-0.275025
0.134191
0.541860

-0.191831
-0.081462
-0.264222
0.979230
-0.427203

0.178993
0.281153
-0.357831
-0.217697
0.217104

0.250780
0.371193
-0.095139
0.396123
-0.303955

-0.596310
0.519734
0.096626
0.640372
-0.368295

0.073163
0.523125
-0.506767
0.673625
-0.720843

-0.157221
0.102351
0.370180
-0.177100
-0.566870

0.005176
-0.105028
0.044167
-0.167785
0.341230

-0.547730
0.367669
0.029246
0.516619
0.023282

-0.625811
-0.543909
0.008202
-0.676729
0.581889

0.013692
0.268831
-0.429575
0.429088
-0.286637

0.196127
-0.326058
-0.713730
0.119874
0.188311

0.338823
0.240814
-0.164743
0.577923
-0.434798

0.304930
-0.210182
-0.259071
-0.169092
0.751323

-0.380151
-0.353636
0.132041
0.131471
0.363041

-0.056436
0.554628
-0.158857
0.453750
0.200086

0.361145
0.364591
0.313822
-0.916220
0.757316

0.098481
-0.193345
-0.288780
-0.041864
-0.293477

-0.058626
0.235601
-0.650248
0.614585
-0.641060

0.410393
0.216717
0.017740
-0.944073
-0.400245

0.195043
-0.016913
-0.574208
-0.399541
-0.368462

0.424828
-0.672197
0.014614
-0.091505
-0.031290

0.266901
0.322864
-0.317376
-0.328163
0.330055

-0.296172
0.915535
0.363672
-0.261930
-0.553603

-0.478711
0.539929
0.032070
-0.543012
-0.161346

-0.304584
0.002459
-0.333453
0.377884
-0.244634

-0.193347
0.394772
0.151438
0.370835
-0.205790

0.105497
0.467627
-0.174361
-0.276239
-0.532005

0.203344
-0.022142
-0.210504
-0.794314
-0.018534

-0.639491
-0.724578
0.170648
0.609452
0.107044

-0.237211
0.166964
0.744355
-0.420937
0.098021

0.602713
0.212135
-0.649828
-0.466261
-0.649999

0.114478
-0.195361
-0.444722
0.718811
0.084593

-0.043943
0.337349
0.531084
0.676157
0.070703

-0.584973
0.353410
-0.363202
0.575839
-0.447739

0.002040
0.170929
-0.188541
0.265839
0.025447

0.010668
-0.148400
0.261842
0.419920
-0.613622

0.151206
-0.008537
-0.111347
0.621729
0.305989

-0.195151
0.738409
0.024465
0.491802
-0.609216

-0.103670
0.153457
0.296444
0.188484
0.012080

-0.178385
-0.209513
0.475121
-0.417400
0.693386

-0.465590
0.880632
-0.113261
0.711430
-0.307616

-0.151398
-0.363413
0.556192
0.465600
-1.093611

-0.327329
0.071464
-0.064844
0.678967
-0.618228

-0.354460
-0.165388
-0.423501
-0.084419
0.414488

0.071965
0.087271
-0.247002
0.024714
-0.264932

0.396373
-0.027667
-0.086480
-0.686712
-0.196706

-0.156988
0.180933
-0.589817
-0.564638
0.283445

0.247580
0.501723
0.114931
0.112617
-0.122960

0.209467
-0.953766
0.443272
-0.074611
0.247756

0.130781
0.117518
-0.398911
0.032232
0.667879

0.020209
0.295906
-0.503905
-0.029910
-0.620743

-0.284686
-0.279709
-0.308071
0.725981
-0.080518

-0.554756
-0.157879
-0.137910
0.004169
0.022832

0.468081
0.455608
0.053105
0.219801
-0.177206

-0.186597
-0.615316
0.114138
-0.206152
-0.179079

0.063012
0.491419
-0.082091
-0.829144
0.400024

0.277340
-0.466522
-0.264195
0.792633
-0.051524

0.227072
-0.002991
-0.191476
0.755431
-0.180479

-0.403667
-0.312353
-0.345968
0.604393
0.423676

0.481462
-0.110680
-0.011923
-0.310090
0.099445

-0.255323
-0.174005
0.104047
0.401071
-0.134592

-0.484244
0.526921
-0.453300
-0.295362
-0.643070

0.277388
0.157777
0.024416
0.860159
-0.537200

-0.001112
-0.274270
-0.310262
0.515244
0.522315

0.247342
0.164967
0.444536
-0.387126
-0.137384

-0.235069
0.266378
-0.309223
0.422855
-0.160834

0.127700
0.610956
0.638307
-0.550535
-0.330877

-0.129325
0.223317
-0.574530
0.185293
-0.543274

-0.277755
0.253089
0.071894
0.359852
0.060958

-0.352572
0.667755
0.545439
-0.595070
0.372624

-0.076306
0.085988
0.131997
-0.279385
0.397224

0.285704
0.572982
0.524815
-0.281223
-0.341595

-0.178331
-0.322194
0.039169
0.196747
-0.526730

-0.068045
0.256644
0.559043
-0.457806
-0.549391

0.302509
0.613288
0.226577
-0.713274
-0.409354

0.038013
0.104859
-0.389834
0.686899
0.080654

-0.408518
0.375265
0.173570
0.319878
-0.762680

-0.129717
0.241068
-0.416801
-0.131118
0.328383

-0.287645
-0.045638
0.454172
-0.226115
-0.506565

0.401320
-0.128694
0.343158
0.281778
-0.892331

-0.123095
-0.160243
0.143970
0.588567
0.177650

0.042593
0.311248
0.478626
-0.737609
-0.103113

-0.108973
-0.480943
-0.152301
0.320354
-0.466396

-0.410076
0.132717
0.372661
0.447827
-0.013452

0.113808
0.327732
0.245696
0.341469
0.296283

-0.197310
0.569896
-0.601225
-0.250480
0.436295

0.450647
-0.408247
0.405564
-0.410417
0.247479

-0.089958
-0.274423
0.063578
-0.218241
-0.036394

0.044645
0.111645
-0.275484
-0.068199
0.307219

-0.395447
0.006166
0.131672
-0.444351
0.612578

0.386509
-0.041225
0.367912
0.131492
0.202577

-0.574341
0.809472
0.058497
-0.771862
-0.088275

-0.224439
-0.687587
-0.038295
0.253724
-0.642037

-0.211963
-0.260233
-0.249326
-0.025011
-0.179342

-0.080998
-0.052584
0.159452
0.524241
0.105312

-0.080377
0.990708
-0.171291
0.183184
-0.375047

0.432895
0.167269
0.333380
-0.146648
-0.113173

0.006682
-0.609224
-0.095132
0.151659
-0.011635

0.235316
-0.295672
0.186017
0.065262
-0.113197

-0.141042
0.424856
0.211316
-0.490792
-0.164773

-0.018500
0.273181
0.228926
0.071650
-0.374303

-0.346485
0.250087
0.438558
-0.584500
-0.305429

-0.499096
0.787474
0.397150
-0.246018
-0.821034

0.494685
0.103556
-0.272835
-0.168850
-0.579448

-0.250442
-0.591085
0.550238
-0.103479
0.371819

-0.493906
-0.089620
-0.313040
-0.128731
0.738641

-0.308503
0.136516
0.314984
-0.097310
0.234797

-0.217811
0.112231
-0.032253
0.352437
0.021767

-0.258978
-0.460626
0.096761
-0.457956
-0.087278

-0.418439
0.256699
-0.004851
0.732741
0.123089

0.181604
0.287883
-0.183299
-0.070145
0.589860

-0.380694
0.103452
-0.530067
-0.104182
0.244903

-0.070243
0.030664
0.327851
0.330585
0.081754

0.223783
-0.160397
-0.003199
1.034282
-0.551537

-0.513701
0.401990
0.191695
0.136912
0.488995

-0.429206
0.148519
0.260777
0.037704
-0.297218

-0.251242
0.083911
-0.101683
-0.141519
-0.594972

-0.409323
0.446732
-0.643093
-0.136480
0.000316

0.293559
-0.237841
0.071088
-0.084743
0.185258

-0.406920
-0.067843
-0.585458
0.244206
0.604408

-0.330170
-0.707511
-0.320339
-0.053387
0.109850

-0.417233
0.617831
0.401656
-0.681375
0.330938

0.296984
0.446469
-0.046590
0.113291
-0.543017

-0.180297
0.147587
0.115932
0.445571
-0.468847

-0.602040
-0.315662
0.330768
0.178215
0.581257

-0.507667
0.372003
-0.034234
0.709867
-0.216892

0.244284
0.176196
0.334014
-0.759722
0.230728

0.416139
-0.526172
0.260856
0.639308
-0.063795

0.051866
0.520847
-0.566579
-0.047027
-0.579315

0.074624
0.396271
0.400955
0.905200
-0.512119

0.201701
0.454104
-0.162753
-0.638251
-0.318306

-0.104245
-0.081100
-0.004239
0.449875
0.232223

0.036890
0.327467
-0.478282
-0.655512
0.123431

-0.266234
-0.392289
-0.130744
-0.133799
0.161522

-0.396103
0.426572
-0.322496
-0.874128
0.689827

0.443342
0.070893
-0.233721
0.299403
-0.497439

-0.485494
-0.449023
-0.175253
-0.388636
0.165021

-0.118042
0.518427
-0.701334
0.040032
-0.330984

-0.080335
-0.534873
-0.287035
0.467689
-0.042572

0.315670
-0.075798
-0.098808
-0.037069
-0.273055

0.279053
0.343815
0.327466
0.102813
0.386153

-0.510892
-0.201574
0.452630
-0.500099
0.028475

-0.072033
0.069699
-0.281048
-0.416148
0.601283

0.437402
-0.377839
-0.413711
0.709930
-0.331952

0.142247
-0.414386
-0.284160
0.482045
0.300552

0.145552
-0.837719
0.371731
0.611562
-0.469086

0.348649
-0.428659
0.323096
0.111425
-0.246330

0.103145
-0.043366
0.540724
0.030983
0.453112

-0.519430
0.578865
0.133318
-0.199960
0.078891

0.254744
0.148659
0.482935
-0.472008
0.348360

-0.385580
0.199505
-0.483995
0.655723
0.323781

0.443298
0.320036
-0.584530
-0.056240
0.625508

-0.295581
0.101458
0.128805
-0.697119
0.586915

-0.021967
-0.082889
0.311078
0.019611
0.241944

0.539723
0.143647
-0.061759
0.166157
-0.732349

0.174222
0.262453
0.282452
-0.047812
-0.134935

-0.296946
-0.026594
-0.333477
-0.157343
0.184729

-0.268984
0.340570
0.395352
0.736882
-0.380971

-0.198722
-0.068285
-0.380336
-0.630131
0.198601

-0.084143
0.073705
0.609593
-0.241265
0.649054

-0.448370
0.033482
-0.489412
-0.301769
0.287356

0.229961
-0.819127
0.426099
0.827927
-0.783732

-0.260203
-0.654687
-0.200334
-0.309032
0.002190

-0.241833
-0.095750
-0.320672
0.067830
0.083670

0.015967
-0.162701
0.376248
-0.392037
0.276614

-0.521158
0.672543
-0.058724
0.191134
0.013267

-0.058925
-0.017130
0.455197
-0.426986
0.456265

-0.338310
-0.378062
-0.040647
0.937980
-1.110165

-0.211165
-0.544758
-0.464096
-0.562385
0.386253

0.193884
0.122874
0.516291
0.158290
-0.442833

0.117275
-0.636535
-0.276772
0.619997
0.226225

-0.220854
0.715387
0.392611
0.572777
-0.080421

-0.310028
-0.030770
-0.545000
0.321189
-0.421686

0.150838
0.076714
-0.462731
0.265012
0.109325

-0.139531
-0.490756
0.460030
-0.215873
-0.189689

-0.111081
-0.402049
0.539780
-0.032301
0.031096

0.136802
-0.347702
0.001735
-0.685501
0.239633

0.050683
0.075648
0.148772
0.348596
0.185453

0.291816
-0.343859
0.376216
-0.543960
0.689574

0.187056
-1.060899
0.348331
0.121557
-0.012145

-0.364294
0.108320
-0.098750
-0.305200
0.130198

0.057122
-0.096565
0.453679
0.539638
0.153924

-0.085666
-0.099860
-0.052918
-0.470946
-0.247430

0.432760
-0.768668
-0.349604
0.359255
0.822358

0.256548
-1.048342
-0.235991
0.572020
0.540870

0.549807
-0.065578
0.271141
-0.308837
-0.943603

0.215714
-0.269482
-0.242260
-0.153281
0.583258

-0.232686
0.143644
0.592566
-0.092598
-0.343442

-0.063123
-0.210411
0.249338
-0.242103
-0.506650

0.438283
0.305427
0.219612
0.174639
-0.156423

-0.264692
-0.659284
0.422212
-0.082240
0.498463

-0.206023
-0.790353
0.438688
-0.062833
-0.024785

-0.003957
-0.039396
0.304690
-0.957607
0.390512

-0.413337
-0.176649
0.639073
-0.363601
0.059741

0.344223
0.037825
0.233127
-0.586782
-0.119531

-0.173549
0.073655
0.222078
-0.761802
-0.094801

-0.513412
-0.587283
0.237352
-0.424855
0.255247

0.532684
-0.723614
0.002265
-0.189407
-0.278246

0.388530
-0.599108
0.395168
-0.440740
0.409084

-0.336805
-0.538864
-0.336099
0.317839
0.076151

0.026402
-0.301605
0.252020
0.201847
-0.497421

-0.050894
-0.183348
-0.488983
-0.212510
-0.012623

0.058562
-0.316710
0.476077
0.044028
0.363127

0.253584
-0.613488
0.434348
0.815305
-0.263187

-0.335752
-0.112012
0.240153
0.255411
-0.191603

0.322236
-0.078639
0.120125
0.238903
-0.214406

-0.086439
-0.011587
-0.604335
-0.016042
-0.164151

0.175350
-0.276006
-0.279428
-0.107649
0.852131

0.339693
-0.005155
-0.520859
0.432670
-0.445185

-0.388320
-0.063854
0.427663
-0.076055
-0.361818

-0.272710
0.130625
-0.248518
0.744404
-1.145159

-0.671065
0.506030
0.352932
-0.479502
-0.625321

0.431015
-0.076024
-0.627019
-0.418963
0.363050

0.243733
0.212124
-0.086671
-0.626569
0.299291

0.189734
0.384846
-0.231085
0.391170
0.022142

-0.168966
0.676433
0.378722
0.049237
-0.120282

0.473437
0.298689
-0.158015
0.221819
-0.130750

-0.012425
0.128891
0.239081
0.271940
0.035760

-0.060668
-0.156248
-0.111976
0.512409
0.632771

0.160409
-0.701458
-0.302949
-0.373773
0.477149

-0.378746
0.254343
-0.057793
-0.477433
-0.807494

0.271226
0.055257
-0.446060
0.368088
-0.350563

-0.201074
0.291776
0.020869
-0.238227
0.163927

-0.050046
0.684323
0.441848
-0.544078
-0.239392

-0.408017
-0.238513
-0.300990
0.628256
0.165915

0.088144
0.352044
0.479985
-0.222000
-0.294574

0.302415
-0.488909
-0.384906
0.139594
0.332856

0.194544
0.822583
-0.723516
-0.496840
0.240455

0.467165
0.669630
-0.195200
-0.802440
0.385288

-0.260395
-0.342449
0.294997
-0.282281
0.459163

0.378828
-0.692248
-0.196663
0.184801
0.100505

0.036600
0.357100
-0.453998
0.156302
-0.400928

0.463793
0.332352
-0.730743
-0.541914
-0.397553

0.039122
0.236508
-0.567515
-0.326643
0.247828

-0.058309
0.236232
-0.769354
-0.531481
0.566112

-0.353076
-0.257964
-0.058384
0.142405
-0.388887

-0.361250
-0.016635
-0.394506
0.035607
0.154805

-0.205474
0.091026
-0.563768
0.211110
0.653715

-0.006966
0.102633
-0.218994
0.409776
-0.322039

-0.344039
-0.790027
0.350038
0.933468
-0.419900

-0.054095
-0.329365
-0.365658
-0.521573
0.124282

-0.625908
0.267699
-0.253226
0.164241
0.244120

0.142282
0.314312
-0.109472
0.558695
-0.706450

-0.018726
-0.052045
0.602026
-0.640200
0.567273

0.489217
-0.150447
-0.047965
-0.338375
0.461198

0.119528
-0.147212
0.386433
-0.482842
0.151066

-0.225902
0.678002
0.464394
-0.670934
-0.020900

0.091601
-0.437397
-0.543615
-0.319602
-0.027460

-0.135432
0.034357
-0.306919
-0.239925
0.542054

0.370043
-0.180254
0.056701
-0.361667
0.484968

0.067034
0.208047
-0.513039
-0.597462
-0.107645

-0.132504
0.248593
0.256763
0.287792
-0.372535

-0.024802
-0.308381
-0.190193
-0.098426
-0.560544

-0.342310
-0.647197
0.393793
0.233247
0.219077

0.406003
0.182899
-0.756290
-0.056712
-0.400557

0.385510
0.386534
-0.374794
-0.111943
-0.244319

0.476450
-0.064862
-0.306792
-0.119857
-0.524183

-0.335901
-0.314218
-0.402797
-0.210197
0.384666

0.159561
0.097667
0.314272
0.379721
-0.257842

0.225020
-0.318959
0.658436
0.326043
-0.839125

-0.556964
0.518194
-0.051537
-0.050603
0.443936

-0.384650
-0.064194
0.208044
0.422721
-0.409900

-0.228953
-0.715645
-0.032886
-0.330028
0.452880

-0.003900
-0.138475
0.366699
0.345248
0.158936

-0.180146
-0.905296
0.369311
-0.035068
0.287914

0.412713
0.197991
0.111450
0.089663
0.128970

0.196363
-0.004995
-0.096523
-0.120879
-0.594657

0.273308
0.505786
0.351907
-0.764819
-0.180330

-0.317941
-1.090788
0.453920
0.300810
-0.032151

-0.117927
-0.230457
-0.539525
0.041835
-1.075829

-0.276562
0.232694
0.348608
-0.000582
0.250197

-0.504231
-0.442438
-0.077181
-0.033861
-0.501192

0.176778
-0.044819
0.196642
0.242958
0.441778

0.052121
-0.560678
0.191169
-0.450415
0.181799

-0.113243
0.543390
0.086884
0.026087
-0.638863

-0.311883
0.035517
0.215911
0.595733
0.012021

0.342726
0.404471
-0.432702
0.586443
-0.752872

0.205226
-0.368405
-0.320988
0.116558
-0.331338

-0.463333
-0.035279
-0.647493
0.874662
-0.488207

-0.225593
-0.294574
0.552040
-0.698226
-0.180495

0.007897
-0.273296
-0.502957
-0.459380
0.581408

0.243174
0.571159
-0.246666
0.558629
-0.639799

-0.629832
0.568656
-0.021248
0.715178
-0.376971

-0.256062
0.365782
-0.377803
0.178306
-0.247191

0.334361
0.094815
0.780892
0.523216
-0.806672

0.396339
-0.205788
-0.897776
-0.071348
0.519082

0.304334
-0.015404
-0.077653
0.049570
0.416771

-0.467395
0.356070
-0.091267
0.038020
-0.193601

-0.161220
0.186631
0.202860
0.003103
-0.173354

-0.330163
0.592525
-0.293270
0.588697
-1.171795

-0.194095
0.529766
-0.364293
-0.791677
0.079511

0.384759
-0.811690
0.314484
0.472601
0.244327

-0.134829
-0.123170
0.725177
-0.946099
0.759099

0.197602
0.570416
-0.274787
0.293351
-0.327915

0.310523
-0.077771
0.351310
-0.903868
-0.584661

0.114808
0.513794
-0.003984
0.327654
-0.543836

0.110317
-0.451183
-0.225329
0.210135
-0.068295

-0.065910
0.229600
-0.545414
-0.286266
0.065505

0.254006
0.246896
-0.212423
-0.282756
-0.104320

0.185719
0.059866
0.416479
-0.063643
0.241922

-0.064612
-0.199969
0.690114
0.423981
-0.529281

0.556675
-0.418891
-0.425191
-0.575840
-0.105755

-0.040185
-0.305247
-0.102221
0.466415
-0.724345

-0.204187
0.485400
-0.366647
0.475930
-0.205483

-0.382978
0.787579
0.135942
0.206333
-0.444659

0.066635
0.270548
0.506115
-0.025560
0.002786

0.333571
0.176662
0.358745
-0.309596
0.078522

0.393969
-0.751453
0.153110
0.544736
-0.053132

0.230510
0.256157
0.650946
-0.438029
-0.621861

-0.359173
-0.032442
-0.589588
0.290841
0.243282

-0.392603
0.499800
-0.519751
0.462611
-0.114939

0.364649
-0.404270
-0.116231
-0.181976
0.128619

-0.219643
0.152995
0.694137
0.309981
-0.147625

0.419334
-0.622630
0.611238
-0.226862
0.421880

-0.152245
-0.018637
-0.070923
-1.433569
0.913203

0.196689
0.313538
-0.830017
-0.853793
0.178657

0.014696
-0.240516
-0.246646
0.209690
-0.051071

-0.114304
0.181569
-0.468467
-0.468413
0.142181

-0.042214
0.168141
0.592908
-0.088806
0.338383

0.371304
0.463726
0.041984
-0.127814
-0.773656

-0.308360
0.408985
0.544270
0.340216
0.211303

-0.044779
0.184087
-0.569812
-0.943117
0.351160

-0.418293
0.307822
-0.442596
0.725861
0.034456

-0.185056
-0.133082
0.327135
0.182392
-0.391859

0.349099
-0.259030
-0.406943
-0.269136
0.253694

-0.052955
-0.112396
0.413224
-0.193394
-0.084271

0.043797
0.748027
0.412963
-0.277301
-0.229400

-0.029022
0.477847
-0.399753
-0.280022
-0.303479

-0.206805
-0.111819
0.058976
0.279361
-0.308915

-0.353404
-0.668083
0.018165
-0.365771
-0.436550

0.157670
0.562670
-0.555875
0.194320
0.194063

0.337306
-0.034973
-0.645236
0.325238
0.011275

0.259780
-0.020599
-0.196445
0.207224
-0.607259

-0.028721
-0.694293
-0.442994
0.102675
0.149171

-0.250265
0.389241
-0.678129
0.016414
0.046507

-0.043537
0.700183
-0.252069
-0.025333
0.545257

0.343971
-0.126801
-0.455687
-0.299335
0.474466

0.225130
-0.000361
-0.612674
-0.135705
-0.497382

0.221791
0.565890
0.634012
-0.169330
-0.304268

-0.209242
0.022942
-0.348064
-0.252304
0.269353

-0.154172
0.386558
-0.559674
0.908357
-0.940132

0.187206
0.042429
0.098432
0.466262
-0.172806

-0.399935
-0.576597
-0.015841
0.418907
0.470704

0.157876
-0.136981
-0.478227
0.726995
0.112468

0.182339
0.543080
0.131358
-0.473979
0.487718

-0.258472
0.001761
0.097964
-0.087367
-0.479126

-0.659053
0.376090
-0.036772
0.294017
0.359108

-0.266319
-0.067203
-0.611601
0.065970
0.164274

0.156827
-0.337003
0.048723
0.114856
-0.515926

-0.132077
-0.421660
0.300268
-0.447919
-0.140482

-0.412626
-0.404388
-0.066632
-0.056972
0.184265

0.159201
0.008317
0.023696
-0.592678
0.589203

-0.116230
0.044576
-0.361524
0.613681
-0.396818

-0.503258
-0.214608
-0.481615
0.222893
-0.555321

0.078277
0.411347
-0.192885
-0.188006
-0.411524

0.030487
0.025412
0.204931
0.135755
0.543595

0.409168
0.118607
-0.092089
-0.517297
-0.259346

0.149561
0.063242
0.046762
-0.054671
0.254935

-0.031209
-0.478040
0.522193
-0.377363
-0.331750

0.024947
0.143457
0.799509
-0.436156
-0.122120

-0.537057
-0.099704
0.418213
1.032986
0.283294

-0.140087
0.297694
-0.397207
0.578834
0.106387

0.362843
-0.039573
-0.248912
-0.591507
-0.284060

0.473721
-0.330821
0.111409
-0.833417
-0.313954

0.115651
-0.618307
0.040465
0.426089
0.179469

0.280763
-0.484871
0.380365
0.639564
-0.231815

0.141063
0.496735
-0.012784
-0.738032
0.836762

