-8.674326
-2.214329
-6.815409
-1.203685
-3.509998
-10.718154
-5.570519
-3.563184
-1.624752
-5.413504
-3.130989
-1.571530
-5.353862
-9.329389
-7.447829
-9.250977
0.837419
-2.986008
0.124871
-6.483558
-8.629038
-7.326722
-6.752267
-5.442578
-4.637694
-4.057664
-3.241412
-4.726857
-2.915456
-6.559211
-9.926883
-3.458022
-8.320978
-8.820845
-2.625400
-5.886031
-7.943021
-2.901688
-7.079176
3.445979
-0.497716
-3.001778
-1.493400
-4.476885
-1.363559
-6.126758
-7.926825
-2.836032
-0.837726
-2.323538
-7.069970
-8.549600
-3.946602
-8.970183
-0.843897
0.307952
-2.421981
-1.441333
-4.903887
-4.339986
-5.702349
-2.691681
-5.393227
-6.927186
-0.450498
-5.816075
-4.692971
-3.272659
1.297229
1.378921
-7.642918
-3.838114
-4.130455
-3.390687
-5.007690
-2.968352
-4.933459
-0.372643
-2.006175
0.842512
2.823857
-10.379466
1.686286
1.579339
-3.386886
2.659953
-0.064351
-2.765746
-4.115056
-3.872707
-4.617271
-11.142169
-12.017360
-1.331286
-5.470676
-4.468051
-5.475856
-0.332276
-4.530688
-2.342946
-3.245890
-9.081388
-6.063078
-10.778735
-8.178911
-2.069010
0.658228
-11.304667
-7.463291
-5.982911
-1.483240
-2.027620
-2.690697
-8.290670
-2.961460
-2.729151
-4.115108
-16.309539
-4.928438
0.618723
-4.292826
-7.409698
-9.731814
-1.494222
-3.041458
2.569696
-16.090056
-6.449936
-6.340223
1.459040
-4.226730
-6.288154
-8.052246
-5.859214
-1.086872
-2.700138
-2.318625
-10.075253
-7.617138
-2.937935
-5.444100
-8.187663
-5.758105
2.896651
-5.643045
0.550286
-7.536540
-3.836539
-8.685162
0.431479
-2.683402
-6.137921
-4.021200
-2.114396
-6.179211
-0.782507
-4.468148
-5.396830
-2.254763
-1.490625
-1.816820
-8.615805
-3.584096
-4.792843
-3.277508
-1.432060
1.712393
-1.343754
-2.052623
-6.194390
-5.411848
-1.808336
-7.333521
-2.845935
-8.511535
-5.259827
-4.296436
-3.155548
-3.644060
-2.907674
-0.281161
-2.067442
-7.731324
-6.371133
-2.914904
-4.794465
-10.738639
-2.352963
-1.981214
-2.630186
0.053456
-4.473177
-0.977440
-3.710358
-1.028609
-5.346719
-0.982265
-5.761448
-0.088102
-5.434556
-5.599081
-9.702030
-0.409990
-0.327861
-3.000748
-4.010208
-8.647060
-3.887161
-3.266538
-2.118328
-2.794519
-2.882769
-1.034427
-1.310192
0.510661
-1.506601
-5.588686
-4.041152
1.693678
-5.359100
-6.750526
-5.984277
-5.768235
-6.167818
-2.058013
-0.325722
-9.083296
-10.138519
-5.765297
-1.377991
-2.508776
-5.364522
-7.767614
-2.579225
-2.573328
-6.830126
-3.235985
-0.166742
-3.505502
-3.925345
-6.577861
-2.005086
-2.183377
-6.957406
-6.592498
-3.363701
-2.268932
3.154087
-0.392420
0.273494
-2.919640
-6.270296
-3.971842
-3.701524
-6.842675
-2.255809
-4.161062
-5.049946
-1.144257
-5.749618
-7.747824
-6.798559
-0.157029
-8.947141
-6.596348
-4.908845
-6.204244
-2.830427
-6.807560
-1.839402
-8.587051
-0.244394
-2.372710
-4.757117
-1.538253
-5.838528
-0.518411
-8.060529
-0.612824
-9.079570
-5.211619
-9.795199
-0.716874
-5.114925
1.237908
-4.648817
-2.473893
-7.029552
-7.255934
-4.970694
-7.627261
-6.361569
1.162568
-3.886070
-8.012461
-3.974947
-5.092367
-1.483450
-1.139365
-8.334011
-8.443861
-1.574079
-1.232204
-3.058039
-3.479511
-2.151660
1.406547
1.409922
1.153309
-4.479417
-2.311532
-2.818379
-3.956796
-3.538031
-7.145376
0.649102
-3.342884
-0.394511
-11.008656
1.915348
-6.086031
-3.237954
-1.920014
-2.801464
-4.710671
-7.536175
-0.915492
-9.602630
-1.842705
-2.904120
-2.661336
-5.042685
-1.171173
-4.564984
-7.327421
-5.447556
-6.386313
-0.303114
-3.744203
-4.451707
-3.047165
-4.154135
-1.228319
-2.159368
-9.489024
-6.178265
-2.583437
-0.079915
-1.641416
-4.430250
-0.081641
-2.977450
-2.806130
-4.711188
-6.426440
-6.895558
-2.172343
-2.914095
-4.385846
-9.804238
-3.857091
-4.275660
-6.072822
-4.879683
-5.564316
-9.964564
-1.325555
0.569347
-3.101188
-5.510668
-7.921718
-0.302258
-5.520101
-9.425905
-6.226082
-3.813696
-4.273325
-2.579914
-3.683289
3.101916
-0.642514
-1.688879
-4.521467
-2.007802
-2.480664
-4.512433
-5.725120
-4.708359
-6.708557
-0.773767
-6.445225
-10.673420
-2.788854
-4.562850
-1.764252
-0.353729
-0.463760
-8.302498
-6.146942
0.674797
-8.848772
-0.865415
-2.372865
-1.526896
-6.282444
-2.862282
-2.937374
-6.219251
-4.913955
-2.286041
-1.967001
-5.138356
-7.120397
-1.920491
-6.106356
-2.157118
-5.059006
-2.005637
-1.360032
-3.780126
-0.633147
-2.852411
-0.494952
-0.348588
-3.327889
-9.166628
-8.807474
-0.792911
-13.107413
1.523028
-1.138423
-2.744143
0.504523
-10.462594
1.958295
-3.345703
-4.347966
-5.760468
-8.038381
-8.102172
-5.598294
-4.507170
-1.752198
-4.099164
-1.510695
-7.925584
-7.049813
-3.240079
-2.951216
2.476112
-1.514874
-3.941943
-3.399451
-2.686711
-4.175483
-5.309108
-3.638660
-4.230354
-1.552778
-0.715638
0.966477
-3.342602
-2.068357
-7.845740
-6.575061
-4.488241
-4.186122
-1.505752
-0.818194
-6.814552
-2.448239
-3.569830
-4.860946
-3.046631
-2.595637
-7.311668
-1.952019
-1.625689
-2.686663
-4.711185
-6.128085
-2.435792
-4.181844
-5.611770
-0.770975
0.374254
-1.563120
-11.795920
1.865026
-6.125792
-4.933980
-0.872748
0.014189
-5.159032
-0.677714
-11.002600
-2.007932
1.559204
-3.060450
-1.521269
-4.463215
-0.642505
-8.447159
-0.469841
-7.325814
-1.866431
-1.330812
-3.597469
-2.889600
-3.884500
-8.914297
-5.016960
-2.265502
-0.616478
-1.819311
-4.012685
-3.339745
-6.421010
0.628236
-4.509370
0.853021
-9.060906
-0.791642
-6.929384
-4.421837
-10.159350
-4.378743
-4.194319
-1.552917
-10.390323
0.609387
-1.296426
-11.583740
2.637185
-4.841384
-4.079808
-1.333384
-1.958170
-6.058820
0.783050
-11.321237
-1.272151
-3.621042
-1.086979
-3.308697
-3.035282
-3.243420
-5.766431
-5.790711
0.103313
-13.527172
-2.772781
-1.504567
-2.594441
-6.760131
-0.565100
-4.716885
-7.527114
-2.804994
-11.155816
-2.652028
-3.293005
-1.826814
-3.007408
-3.749166
-4.721322
5.029614
-1.842113
-1.978236
-1.481037
-3.868716
-0.769947
-3.592970
-7.383670
-5.922152
-10.259817
-1.855155
-7.194573
-3.415741
-0.249584
-7.100123
-8.009972
-1.130081
2.052623
-2.726751
-4.862091
2.871206
-5.494082
-1.709248
-5.976835
-5.293033
-2.470059
-4.148132
-1.868616
-2.808784
-4.392378
-10.829566
-2.627618
-1.732540
-1.492110
-4.204132
-9.983956
3.044446
-8.036505
3.027784
-9.298033
-7.170255
-7.987544
-1.085994
-2.455985
-2.338771
-4.588051
-7.379876
-7.051701
-2.735435
-0.126351
-6.696849
-11.741729
-2.318273
-9.859775
-4.915580
-3.434486
-5.695810
-7.882220
-3.107498
-3.637202
-2.783220
-5.771094
-0.623071
-6.225954
-1.276200
1.467604
-9.246702
-3.877373
-4.374217
0.277962
-1.427343
-3.716386
-10.365856
-6.089315
-3.857301
-2.252556
-8.478265
-8.035434
-1.454953
-1.833454
-11.004114
-2.945745
-2.566435
-9.692928
-0.115848
-0.681681
-4.092188
-5.132372
-4.852299
-3.320483
-0.854404
-6.024170
-0.153923
-7.717305
-2.063310
-1.952748
-7.915731
-1.645839
-6.288237
-4.145788
-6.883723
-0.566801
-5.624285
-7.385535
-2.479377
-3.641406
-7.257586
-6.744609
-0.680877
2.099156
-4.551493
-6.979667
-6.121431
-7.661979
-0.806529
-8.103603
-0.884735
-5.592170
0.515672
-4.712246
3.344109
-2.934253
-1.266738
-7.515504
-6.838786
-0.841009
-0.348199
-3.229830
-4.376172
-2.383160
-5.903002
-12.094099
-1.895306
0.423836
