-5.432623
-0.199750
-1.498018
-5.288092
-2.599317
-3.982600
-1.915140
-6.094732
-4.899613
-3.235487
-2.656080
-9.093941
-3.297361
-5.157543
-5.948604
-4.935592
-3.809128
-5.448504
-2.977796
-2.962070
-1.859399
-4.654861
-10.767098
-7.132253
-3.693166
-5.693938
-3.734653
-2.522328
-10.767970
-0.769218
-3.161963
-3.948511
-3.515468
-3.055363
-6.048504
-4.504964
-2.044626
-1.429869
-3.146381
-4.042836
-3.096309
-5.370311
-5.542418
-3.170362
-4.769163
-2.689089
-3.217939
-5.727876
-1.314778
-3.889869
-2.631055
-0.987611
-4.036587
-3.361560
-3.781119
